{
    "centrality": {
        "0-5%": {
            "Chi2": 5803.693964584972,
            "CorrelationMatrix": [
                [
                    1.0,
                    0.41756527882274497,
                    0.14563507852528312,
                    0.0,
                    0.0,
                    0.0,
                    0.0,
                    -0.0017412013146126104,
                    0.5371174073265668,
                    0.021057649298077068,
                    0.0005624840534903407,
                    -0.4747222465041367,
                    0.013996611862365786
                ],
                [
                    0.41756527882274497,
                    1.0,
                    0.3525640789544389,
                    0.0,
                    0.0,
                    0.0,
                    0.0,
                    -0.0007464154095117621,
                    0.05623138312380593,
                    -0.2792354862129605,
                    0.0005244296406244779,
                    -0.48207504438327,
                    0.013434901657395224
                ],
                [
                    0.14563507852528312,
                    0.3525640789544389,
                    1.0,
                    0.0,
                    0.0,
                    0.0,
                    0.0,
                    0.0001902912117435764,
                    -0.5281879210046314,
                    -0.792878304376743,
                    -0.00010268565545685892,
                    -0.20936026365607083,
                    0.009481747960429058
                ],
                [
                    0.0,
                    0.0,
                    0.0,
                    0.0,
                    0.0,
                    0.0,
                    0.0,
                    0.0,
                    0.0,
                    0.0,
                    0.0,
                    0.0,
                    0.0
                ],
                [
                    0.0,
                    0.0,
                    0.0,
                    0.0,
                    0.0,
                    0.0,
                    0.0,
                    0.0,
                    0.0,
                    0.0,
                    0.0,
                    0.0,
                    0.0
                ],
                [
                    0.0,
                    0.0,
                    0.0,
                    0.0,
                    0.0,
                    0.0,
                    0.0,
                    0.0,
                    0.0,
                    0.0,
                    0.0,
                    0.0,
                    0.0
                ],
                [
                    0.0,
                    0.0,
                    0.0,
                    0.0,
                    0.0,
                    0.0,
                    0.0,
                    0.0,
                    0.0,
                    0.0,
                    0.0,
                    0.0,
                    0.0
                ],
                [
                    -0.0017412013146126104,
                    -0.0007464154095117621,
                    0.0001902912117435764,
                    0.0,
                    0.0,
                    0.0,
                    0.0,
                    1.0,
                    -0.0014289201498274725,
                    -0.0007585607187017525,
                    -7.63060182153892e-07,
                    0.000554627749346868,
                    -8.058548648094059e-07
                ],
                [
                    0.5371174073265668,
                    0.05623138312380593,
                    -0.5281879210046314,
                    0.0,
                    0.0,
                    0.0,
                    0.0,
                    -0.0014289201498274725,
                    1.0,
                    0.7976445283914217,
                    0.00046757260123658816,
                    -0.3013605887202769,
                    0.00046288414115244135
                ],
                [
                    0.021057649298077068,
                    -0.2792354862129605,
                    -0.792878304376743,
                    0.0,
                    0.0,
                    0.0,
                    0.0,
                    -0.0007585607187017525,
                    0.7976445283914217,
                    1.0,
                    0.00018480312735338095,
                    -0.023139365951921908,
                    0.00010822753483554198
                ],
                [
                    0.0005624840534903407,
                    0.0005244296406244779,
                    -0.00010268565545685892,
                    0.0,
                    0.0,
                    0.0,
                    0.0,
                    -7.63060182153892e-07,
                    0.00046757260123658816,
                    0.00018480312735338095,
                    1.0,
                    -0.002525642619250146,
                    1.8528569833705843e-06
                ],
                [
                    -0.4747222465041367,
                    -0.48207504438327,
                    -0.20936026365607083,
                    0.0,
                    0.0,
                    0.0,
                    0.0,
                    0.000554627749346868,
                    -0.3013605887202769,
                    -0.023139365951921908,
                    -0.002525642619250146,
                    1.0,
                    0.0002448854486710317
                ],
                [
                    0.013996611862365786,
                    0.013434901657395224,
                    0.009481747960429058,
                    0.0,
                    0.0,
                    0.0,
                    0.0,
                    -8.058548648094059e-07,
                    0.00046288414115244135,
                    0.00010822753483554198,
                    1.8528569833705843e-06,
                    0.0002448854486710317,
                    1.0
                ]
            ],
            "CovarianceMatrix": [
                [
                    3287.8663438890103,
                    1088.7480969781705,
                    958.2663179605009,
                    0.0,
                    0.0,
                    0.0,
                    0.0,
                    -5.8196549032626205e-09,
                    1.2751071866413843,
                    0.00039158628728283123,
                    2.031282085816937e-09,
                    -0.04610163188119508,
                    7.183683393541852e-07
                ],
                [
                    1088.7480969781705,
                    2067.7208391184004,
                    1839.7006688392596,
                    0.0,
                    0.0,
                    0.0,
                    0.0,
                    -1.9784164654584725e-09,
                    0.10586322179324828,
                    -0.004117912088101285,
                    1.5018830943666409e-09,
                    -0.03712617773086812,
                    5.468240798614407e-07
                ],
                [
                    958.2663179605009,
                    1839.7006688392596,
                    13168.196653281584,
                    0.0,
                    0.0,
                    0.0,
                    0.0,
                    1.272837764681733e-09,
                    -2.509412203465512,
                    -0.029507349145402914,
                    -7.421229767731396e-10,
                    -0.040689002720664086,
                    9.739098212793867e-07
                ],
                [
                    0.0,
                    0.0,
                    0.0,
                    0.0,
                    0.0,
                    0.0,
                    0.0,
                    0.0,
                    0.0,
                    0.0,
                    0.0,
                    0.0,
                    0.0
                ],
                [
                    0.0,
                    0.0,
                    0.0,
                    0.0,
                    0.0,
                    0.0,
                    0.0,
                    0.0,
                    0.0,
                    0.0,
                    0.0,
                    0.0,
                    0.0
                ],
                [
                    0.0,
                    0.0,
                    0.0,
                    0.0,
                    0.0,
                    0.0,
                    0.0,
                    0.0,
                    0.0,
                    0.0,
                    0.0,
                    0.0,
                    0.0
                ],
                [
                    0.0,
                    0.0,
                    0.0,
                    0.0,
                    0.0,
                    0.0,
                    0.0,
                    0.0,
                    0.0,
                    0.0,
                    0.0,
                    0.0,
                    0.0
                ],
                [
                    -5.8196549032626205e-09,
                    -1.9784164654584725e-09,
                    1.272837764681733e-09,
                    0.0,
                    0.0,
                    0.0,
                    0.0,
                    3.3976789336599582e-15,
                    -3.448414938757833e-12,
                    -1.4339764779449277e-14,
                    -2.8012566924417855e-21,
                    5.475356489018494e-14,
                    -4.204508041670349e-20
                ],
                [
                    1.2751071866413843,
                    0.10586322179324828,
                    -2.509412203465512,
                    0.0,
                    0.0,
                    0.0,
                    0.0,
                    -3.448414938757833e-12,
                    0.0017141182438431635,
                    1.0710020160464768e-05,
                    1.219192801021354e-12,
                    -2.11313129254695e-05,
                    1.7153781625512427e-11
                ],
                [
                    0.00039158628728283123,
                    -0.004117912088101285,
                    -0.029507349145402914,
                    0.0,
                    0.0,
                    0.0,
                    0.0,
                    -1.4339764779449277e-14,
                    1.0710020160464768e-05,
                    1.0517705800060673e-07,
                    3.7746159623629284e-15,
                    -1.2709591760770187e-08,
                    3.141705428073152e-14
                ],
                [
                    2.031282085816937e-09,
                    1.5018830943666409e-09,
                    -7.421229767731396e-10,
                    0.0,
                    0.0,
                    0.0,
                    0.0,
                    -2.8012566924417855e-21,
                    1.219192801021354e-12,
                    3.7746159623629284e-15,
                    3.966485700730942e-15,
                    -2.6939807065734353e-13,
                    1.0445086283199899e-19
                ],
                [
                    -0.04610163188119508,
                    -0.03712617773086812,
                    -0.040689002720664086,
                    0.0,
                    0.0,
                    0.0,
                    0.0,
                    5.475356489018494e-14,
                    -2.11313129254695e-05,
                    -1.2709591760770187e-08,
                    -2.6939807065734353e-13,
                    2.8683970967544103e-06,
                    3.712357597578031e-13
                ],
                [
                    7.183683393541852e-07,
                    5.468240798614407e-07,
                    9.739098212793867e-07,
                    0.0,
                    0.0,
                    0.0,
                    0.0,
                    -4.204508041670349e-20,
                    1.7153781625512427e-11,
                    3.141705428073152e-14,
                    1.0445086283199899e-19,
                    3.712357597578031e-13,
                    8.011878847001925e-13
                ]
            ],
            "DegreesOfFreedom": 123,
            "Edm": 3.8855076685665344e-07,
            "FitRange": {
                "211": [
                    0.1,
                    8.0
                ],
                "2212": [
                    0.3,
                    8.0
                ],
                "321": [
                    0.2,
                    8.0
                ]
            },
            "Indexmap": {
                "211": [
                    0,
                    3,
                    4,
                    7,
                    8,
                    9,
                    10,
                    11,
                    12
                ],
                "2212": [
                    2,
                    3,
                    6,
                    7,
                    8,
                    9,
                    10,
                    11,
                    12
                ],
                "321": [
                    1,
                    3,
                    5,
                    7,
                    8,
                    9,
                    10,
                    11,
                    12
                ]
            },
            "MinFCN": 5803.693964584972,
            "NCalls": 1667,
            "ParameterErrors": [
                57.339918739550285,
                45.47219817155701,
                114.75276004229045,
                0.0,
                0.0,
                0.0,
                0.0,
                0.00013730668334188678,
                0.041395397324866856,
                0.0003243100114896924,
                0.00025970749788328806,
                0.001693591836583748,
                0.007183497372238376
            ],
            "ParameterFixed": [
                false,
                false,
                false,
                true,
                true,
                true,
                true,
                false,
                false,
                false,
                false,
                false,
                false
            ],
            "ParameterInitValues": [
                100.0,
                10.0,
                1.0,
                0.11,
                0.138,
                0.498,
                0.938,
                0.5,
                0.8,
                1.005,
                1.005,
                0.1,
                1.5
            ],
            "ParameterLimited": [
                true,
                true,
                true,
                true,
                false,
                false,
                false,
                true,
                true,
                true,
                true,
                true,
                true
            ],
            "ParameterLimits": [
                [
                    1.0,
                    10000000.0
                ],
                [
                    1.0,
                    10000000.0
                ],
                [
                    1.0,
                    10000000.0
                ],
                [
                    0.01,
                    0.3
                ],
                [
                    0.0,
                    0.0
                ],
                [
                    0.0,
                    0.0
                ],
                [
                    0.0,
                    0.0
                ],
                [
                    0.01,
                    1.0
                ],
                [
                    0.01,
                    3.0
                ],
                [
                    1.001,
                    2.0
                ],
                [
                    1.001,
                    2.0
                ],
                [
                    0.01,
                    0.3
                ],
                [
                    0.01,
                    5.0
                ]
            ],
            "ParameterNames": [
                "A211",
                "A321",
                "A2212",
                "Tkin",
                "M211",
                "M321",
                "M2212",
                "BetaS",
                "N",
                "qaa",
                "qpp",
                "Tts",
                "tf/tau"
            ],
            "ParameterStepsize": [
                1.0,
                1.0,
                1.0,
                0.01,
                0.01,
                0.01,
                0.01,
                0.01,
                0.01,
                0.0001,
                0.0001,
                0.01,
                0.001
            ],
            "ParameterStepsized": [
                true,
                true,
                true,
                true,
                false,
                false,
                false,
                true,
                true,
                true,
                true,
                true,
                true
            ],
            "ParameterValues": [
                5738.838877400834,
                4379.713958363944,
                8080.659905412107,
                0.11,
                0.138,
                0.498,
                0.938,
                0.999999999993814,
                2.1525154245581555,
                1.0533194156345038,
                1.0010000000038177,
                0.11082228547873313,
                0.010000000027869589
            ],
            "Species": [
                211,
                321,
                2212
            ],
            "Status": 0,
            "StyledNames": [
                "A_{\\pi^{\\pm}}",
                "A_{K^{\\pm}}",
                "A_{p^{\\pm}}",
                "T_{\\text{kin}}",
                "m_{\\pi^{\\pm}}",
                "m_{K^{\\pm}}",
                "m_{p^{\\pm}}",
                "\\beta_{s}",
                "n",
                "q_{\\text{AA}}",
                "q_{\\text{pp}}",
                "T_{\\text{ts}}",
                "t_{f}/\\tau"
            ]
        },
        "10-20%": {
            "Chi2": 6119.687261907208,
            "CorrelationMatrix": [
                [
                    1.0,
                    0.40359364672679465,
                    0.1609169309956342,
                    0.0,
                    0.0,
                    0.0,
                    0.0,
                    -0.000961546898815553,
                    0.470165678947717,
                    -0.015221700771977464,
                    0.0005561624009624694,
                    -0.4952734484252164,
                    0.014276849931045612
                ],
                [
                    0.40359364672679465,
                    1.0,
                    0.37746804516203775,
                    0.0,
                    0.0,
                    0.0,
                    0.0,
                    -0.00032794725917170204,
                    -0.015271368373615618,
                    -0.3127796801880347,
                    0.00048413796916949275,
                    -0.48813638044142194,
                    0.012577653642390132
                ],
                [
                    0.1609169309956342,
                    0.37746804516203775,
                    1.0,
                    0.0,
                    0.0,
                    0.0,
                    0.0,
                    0.00019826307207798774,
                    -0.5839252954838722,
                    -0.8124913917441777,
                    -0.0001075520217944448,
                    -0.24061018178280677,
                    0.008701500976706885
                ],
                [
                    0.0,
                    0.0,
                    0.0,
                    0.0,
                    0.0,
                    0.0,
                    0.0,
                    0.0,
                    0.0,
                    0.0,
                    0.0,
                    0.0,
                    0.0
                ],
                [
                    0.0,
                    0.0,
                    0.0,
                    0.0,
                    0.0,
                    0.0,
                    0.0,
                    0.0,
                    0.0,
                    0.0,
                    0.0,
                    0.0,
                    0.0
                ],
                [
                    0.0,
                    0.0,
                    0.0,
                    0.0,
                    0.0,
                    0.0,
                    0.0,
                    0.0,
                    0.0,
                    0.0,
                    0.0,
                    0.0,
                    0.0
                ],
                [
                    0.0,
                    0.0,
                    0.0,
                    0.0,
                    0.0,
                    0.0,
                    0.0,
                    0.0,
                    0.0,
                    0.0,
                    0.0,
                    0.0,
                    0.0
                ],
                [
                    -0.000961546898815553,
                    -0.00032794725917170204,
                    0.00019826307207798774,
                    0.0,
                    0.0,
                    0.0,
                    0.0,
                    1.0,
                    -0.0006836078540097179,
                    -0.0004920350657994243,
                    -3.981050261916402e-07,
                    0.00026322238335285355,
                    -4.1273968062621085e-07
                ],
                [
                    0.470165678947717,
                    -0.015271368373615618,
                    -0.5839252954838722,
                    0.0,
                    0.0,
                    0.0,
                    0.0,
                    -0.0006836078540097179,
                    1.0,
                    0.8247315469661758,
                    0.00041055728007794514,
                    -0.2600928087526851,
                    0.0004148765826941082
                ],
                [
                    -0.015221700771977464,
                    -0.3127796801880347,
                    -0.8124913917441777,
                    0.0,
                    0.0,
                    0.0,
                    0.0,
                    -0.0004920350657994243,
                    0.8247315469661758,
                    1.0,
                    0.00014951447213619877,
                    0.01072386978014909,
                    6.990514366171797e-05
                ],
                [
                    0.0005561624009624694,
                    0.00048413796916949275,
                    -0.0001075520217944448,
                    0.0,
                    0.0,
                    0.0,
                    0.0,
                    -3.981050261916402e-07,
                    0.00041055728007794514,
                    0.00014951447213619877,
                    1.0,
                    -0.0023999606599313305,
                    1.7613889172063928e-06
                ],
                [
                    -0.4952734484252164,
                    -0.48813638044142194,
                    -0.24061018178280677,
                    0.0,
                    0.0,
                    0.0,
                    0.0,
                    0.00026322238335285355,
                    -0.2600928087526851,
                    0.01072386978014909,
                    -0.0023999606599313305,
                    1.0,
                    0.00025860705172137436
                ],
                [
                    0.014276849931045612,
                    0.012577653642390132,
                    0.008701500976706885,
                    0.0,
                    0.0,
                    0.0,
                    0.0,
                    -4.1273968062621085e-07,
                    0.0004148765826941082,
                    6.990514366171797e-05,
                    1.7613889172063928e-06,
                    0.00025860705172137436,
                    1.0
                ]
            ],
            "CovarianceMatrix": [
                [
                    1073.558562819267,
                    349.4121682568871,
                    318.54231396896677,
                    0.0,
                    0.0,
                    0.0,
                    0.0,
                    -6.594813617178435e-12,
                    0.6982700541014925,
                    -0.00017048572453286405,
                    2.010293117172168e-09,
                    -0.026804578530915807,
                    1.941224096680079e-06
                ],
                [
                    349.4121682568871,
                    698.170778913835,
                    602.5783797199563,
                    0.0,
                    0.0,
                    0.0,
                    0.0,
                    -1.8138610872417869e-12,
                    -0.018290198173901755,
                    -0.002825083797580778,
                    1.4112204734055725e-09,
                    -0.02130458491642035,
                    1.3791480005504648e-06
                ],
                [
                    318.54231396896677,
                    602.5783797199563,
                    3650.102318284453,
                    0.0,
                    0.0,
                    0.0,
                    0.0,
                    2.5073417657139754e-12,
                    -1.5990772045616535,
                    -0.01677966387039351,
                    -7.168296958603848e-10,
                    -0.024011405779586242,
                    2.181609929219268e-06
                ],
                [
                    0.0,
                    0.0,
                    0.0,
                    0.0,
                    0.0,
                    0.0,
                    0.0,
                    0.0,
                    0.0,
                    0.0,
                    0.0,
                    0.0,
                    0.0
                ],
                [
                    0.0,
                    0.0,
                    0.0,
                    0.0,
                    0.0,
                    0.0,
                    0.0,
                    0.0,
                    0.0,
                    0.0,
                    0.0,
                    0.0,
                    0.0
                ],
                [
                    0.0,
                    0.0,
                    0.0,
                    0.0,
                    0.0,
                    0.0,
                    0.0,
                    0.0,
                    0.0,
                    0.0,
                    0.0,
                    0.0,
                    0.0
                ],
                [
                    0.0,
                    0.0,
                    0.0,
                    0.0,
                    0.0,
                    0.0,
                    0.0,
                    0.0,
                    0.0,
                    0.0,
                    0.0,
                    0.0,
                    0.0
                ],
                [
                    -6.594813617178435e-12,
                    -1.8138610872417869e-12,
                    2.5073417657139754e-12,
                    0.0,
                    0.0,
                    0.0,
                    0.0,
                    4.3816569104836206e-20,
                    -6.486133031769089e-15,
                    -3.520685309877892e-17,
                    -9.1930947312369e-24,
                    9.101082854615701e-17,
                    -3.5853026087743686e-22
                ],
                [
                    0.6982700541014925,
                    -0.018290198173901755,
                    -1.5990772045616535,
                    0.0,
                    0.0,
                    0.0,
                    0.0,
                    -6.486133031769089e-15,
                    0.0020545619821905007,
                    1.2778627193160543e-05,
                    2.052949524758844e-12,
                    -1.9473276709515606e-05,
                    7.803850752504061e-11
                ],
                [
                    -0.00017048572453286405,
                    -0.002825083797580778,
                    -0.01677966387039351,
                    0.0,
                    0.0,
                    0.0,
                    0.0,
                    -3.520685309877892e-17,
                    1.2778627193160543e-05,
                    1.1684871432776394e-07,
                    5.6381949898408e-15,
                    6.055005855547129e-09,
                    9.916342323061379e-14
                ],
                [
                    2.010293117172168e-09,
                    1.4112204734055725e-09,
                    -7.168296958603848e-10,
                    0.0,
                    0.0,
                    0.0,
                    0.0,
                    -9.1930947312369e-24,
                    2.052949524758844e-12,
                    5.6381949898408e-15,
                    1.2169977648397725e-14,
                    -4.3732074548076267e-13,
                    8.063629382507312e-19
                ],
                [
                    -0.026804578530915807,
                    -0.02130458491642035,
                    -0.024011405779586242,
                    0.0,
                    0.0,
                    0.0,
                    0.0,
                    9.101082854615701e-17,
                    -1.9473276709515606e-05,
                    6.055005855547129e-09,
                    -4.3732074548076267e-13,
                    2.728362886461189e-06,
                    1.7726452803155414e-12
                ],
                [
                    1.941224096680079e-06,
                    1.3791480005504648e-06,
                    2.181609929219268e-06,
                    0.0,
                    0.0,
                    0.0,
                    0.0,
                    -3.5853026087743686e-22,
                    7.803850752504061e-11,
                    9.916342323061379e-14,
                    8.063629382507312e-19,
                    1.7726452803155414e-12,
                    1.722109719814286e-11
                ]
            ],
            "DegreesOfFreedom": 123,
            "Edm": 7.364463914917034e-07,
            "FitRange": {
                "211": [
                    0.1,
                    8.0
                ],
                "2212": [
                    0.3,
                    8.0
                ],
                "321": [
                    0.2,
                    8.0
                ]
            },
            "Indexmap": {
                "211": [
                    0,
                    3,
                    4,
                    7,
                    8,
                    9,
                    10,
                    11,
                    12
                ],
                "2212": [
                    2,
                    3,
                    6,
                    7,
                    8,
                    9,
                    10,
                    11,
                    12
                ],
                "321": [
                    1,
                    3,
                    5,
                    7,
                    8,
                    9,
                    10,
                    11,
                    12
                ]
            },
            "MinFCN": 6119.687261907208,
            "NCalls": 1294,
            "ParameterErrors": [
                32.76520337355532,
                26.422921347618058,
                60.41607577467539,
                0.0,
                0.0,
                0.0,
                0.0,
                8.422463797158608e-05,
                0.04531571852925209,
                0.00034183128764198045,
                0.00024119194660687793,
                0.0016517365636975617,
                0.00641983726350193
            ],
            "ParameterFixed": [
                false,
                false,
                false,
                true,
                true,
                true,
                true,
                false,
                false,
                false,
                false,
                false,
                false
            ],
            "ParameterInitValues": [
                100.0,
                10.0,
                1.0,
                0.11,
                0.138,
                0.498,
                0.938,
                0.5,
                0.8,
                1.005,
                1.005,
                0.1,
                1.5
            ],
            "ParameterLimited": [
                true,
                true,
                true,
                true,
                false,
                false,
                false,
                true,
                true,
                true,
                true,
                true,
                true
            ],
            "ParameterLimits": [
                [
                    1.0,
                    10000000.0
                ],
                [
                    1.0,
                    10000000.0
                ],
                [
                    1.0,
                    10000000.0
                ],
                [
                    0.01,
                    0.3
                ],
                [
                    0.0,
                    0.0
                ],
                [
                    0.0,
                    0.0
                ],
                [
                    0.0,
                    0.0
                ],
                [
                    0.01,
                    1.0
                ],
                [
                    0.01,
                    3.0
                ],
                [
                    1.001,
                    2.0
                ],
                [
                    1.001,
                    2.0
                ],
                [
                    0.01,
                    0.3
                ],
                [
                    0.01,
                    5.0
                ]
            ],
            "ParameterNames": [
                "A211",
                "A321",
                "A2212",
                "Tkin",
                "M211",
                "M321",
                "M2212",
                "BetaS",
                "N",
                "qaa",
                "qpp",
                "Tts",
                "tf/tau"
            ],
            "ParameterStepsize": [
                1.0,
                1.0,
                1.0,
                0.01,
                0.01,
                0.01,
                0.01,
                0.01,
                0.01,
                0.0001,
                0.0001,
                0.01,
                0.001
            ],
            "ParameterStepsized": [
                true,
                true,
                true,
                true,
                false,
                false,
                false,
                true,
                true,
                true,
                true,
                true,
                true
            ],
            "ParameterValues": [
                3588.853284589408,
                2553.353787079615,
                4181.43170392529,
                0.11,
                0.138,
                0.498,
                0.938,
                0.9999999999999999,
                2.4495655865158277,
                1.0577470912199203,
                1.0010000000126134,
                0.11231901365672986,
                0.010000000670332696
            ],
            "Species": [
                211,
                321,
                2212
            ],
            "Status": 96268655357536,
            "StyledNames": [
                "A_{\\pi^{\\pm}}",
                "A_{K^{\\pm}}",
                "A_{p^{\\pm}}",
                "T_{\\text{kin}}",
                "m_{\\pi^{\\pm}}",
                "m_{K^{\\pm}}",
                "m_{p^{\\pm}}",
                "\\beta_{s}",
                "n",
                "q_{\\text{AA}}",
                "q_{\\text{pp}}",
                "T_{\\text{ts}}",
                "t_{f}/\\tau"
            ]
        },
        "20-30%": {
            "Chi2": 2860.198733434676,
            "CorrelationMatrix": [
                [
                    1.0,
                    0.4793082558074189,
                    0.3364982662736851,
                    0.0,
                    0.0,
                    0.0,
                    0.0,
                    0.5108002054985178,
                    0.00162336565585704,
                    0.27577281925279207,
                    0.5376081338302465,
                    0.5287322015731442,
                    0.06242992594306323
                ],
                [
                    0.4793082558074189,
                    1.0,
                    0.38700273403614727,
                    0.0,
                    0.0,
                    0.0,
                    0.0,
                    0.1583257523738397,
                    0.001583145783780216,
                    0.06791289381080143,
                    0.4793495601206765,
                    0.4609511554699589,
                    0.05894036116173661
                ],
                [
                    0.3364982662736851,
                    0.38700273403614727,
                    1.0,
                    0.0,
                    0.0,
                    0.0,
                    0.0,
                    -0.261904653715779,
                    0.001251603884326905,
                    -0.2577152092397693,
                    0.43635351392059535,
                    0.4295402012993355,
                    0.045233793046140544
                ],
                [
                    0.0,
                    0.0,
                    0.0,
                    0.0,
                    0.0,
                    0.0,
                    0.0,
                    0.0,
                    0.0,
                    0.0,
                    0.0,
                    0.0,
                    0.0
                ],
                [
                    0.0,
                    0.0,
                    0.0,
                    0.0,
                    0.0,
                    0.0,
                    0.0,
                    0.0,
                    0.0,
                    0.0,
                    0.0,
                    0.0,
                    0.0
                ],
                [
                    0.0,
                    0.0,
                    0.0,
                    0.0,
                    0.0,
                    0.0,
                    0.0,
                    0.0,
                    0.0,
                    0.0,
                    0.0,
                    0.0,
                    0.0
                ],
                [
                    0.0,
                    0.0,
                    0.0,
                    0.0,
                    0.0,
                    0.0,
                    0.0,
                    0.0,
                    0.0,
                    0.0,
                    0.0,
                    0.0,
                    0.0
                ],
                [
                    0.5108002054985178,
                    0.1583257523738397,
                    -0.261904653715779,
                    0.0,
                    0.0,
                    0.0,
                    0.0,
                    1.0,
                    -0.14048426438850875,
                    0.8733715459089059,
                    0.40620574910694773,
