{
    "centrality": {
        "0-5%": {
            "Chi2": 68.7264162548521,
            "CorrelationMatrix": [
                [
                    1.0,
                    0.15467657029366613,
                    -0.024592908134942873,
                    -0.07311259514647539,
                    0.0,
                    0.0,
                    0.0,
                    0.12032829027608533,
                    0.36878464514423126
                ],
                [
                    0.15467657029366613,
                    1.0,
                    -0.044263634576857544,
                    -0.4212356391555816,
                    0.0,
                    0.0,
                    0.0,
                    0.21273519726278914,
                    0.15819431533581854
                ],
                [
                    -0.024592908134942873,
                    -0.044263634576857544,
                    1.0,
                    0.08607149137846329,
                    0.0,
                    0.0,
                    0.0,
                    -0.0025139301919876404,
                    0.00018051298735592895
                ],
                [
                    -0.07311259514647539,
                    -0.4212356391555816,
                    0.08607149137846329,
                    1.0,
                    0.0,
                    0.0,
                    0.0,
                    0.004719252337547661,
                    0.2912029671625257
                ],
                [
                    0.0,
                    0.0,
                    0.0,
                    0.0,
                    0.0,
                    0.0,
                    0.0,
                    0.0,
                    0.0
                ],
                [
                    0.0,
                    0.0,
                    0.0,
                    0.0,
                    0.0,
                    0.0,
                    0.0,
                    0.0,
                    0.0
                ],
                [
                    0.0,
                    0.0,
                    0.0,
                    0.0,
                    0.0,
                    0.0,
                    0.0,
                    0.0,
                    0.0
                ],
                [
                    0.12032829027608533,
                    0.21273519726278914,
                    -0.0025139301919876404,
                    0.004719252337547661,
                    0.0,
                    0.0,
                    0.0,
                    1.0,
                    0.7309523107122257
                ],
                [
                    0.36878464514423126,
                    0.15819431533581854,
                    0.00018051298735592895,
                    0.2912029671625257,
                    0.0,
                    0.0,
                    0.0,
                    0.7309523107122257,
                    1.0
                ]
            ],
            "CovarianceMatrix": [
                [
                    12824460.248836711,
                    4465873.7506949995,
                    -79889.81632070016,
                    -0.020178089104009107,
                    0.0,
                    0.0,
                    0.0,
                    0.8120168655035187,
                    19.938959244477015
                ],
                [
                    4465873.7506949995,
                    65001700.725035876,
                    -323721.40678604355,
                    -0.26173135651706025,
                    0.0,
                    0.0,
                    0.0,
                    3.2320603839464535,
                    19.255878659949964
                ],
                [
                    -79889.81632070016,
                    -323721.40678604355,
                    822856.254466646,
                    0.0060171328951296385,
                    0.0,
                    0.0,
                    0.0,
                    -0.004297273120331346,
                    0.002472182616320725
                ],
                [
                    -0.020178089104009107,
                    -0.26173135651706025,
                    0.0060171328951296385,
                    5.939317965410147e-09,
                    0.0,
                    0.0,
                    0.0,
                    6.85360772598182e-10,
                    3.388240204062382e-07
                ],
                [
                    0.0,
                    0.0,
                    0.0,
                    0.0,
                    0.0,
                    0.0,
                    0.0,
                    0.0,
                    0.0
                ],
                [
                    0.0,
                    0.0,
                    0.0,
                    0.0,
                    0.0,
                    0.0,
                    0.0,
                    0.0,
                    0.0
                ],
                [
                    0.0,
                    0.0,
                    0.0,
                    0.0,
                    0.0,
                    0.0,
                    0.0,
                    0.0,
                    0.0
                ],
                [
                    0.8120168655035187,
                    3.2320603839464535,
                    -0.004297273120331346,
                    6.85360772598182e-10,
                    0.0,
                    0.0,
                    0.0,
                    3.551039568382915e-06,
                    2.0795861032253116e-05
                ],
                [
                    19.938959244477015,
                    19.255878659949964,
                    0.002472182616320725,
                    3.388240204062382e-07,
                    0.0,
                    0.0,
                    0.0,
                    2.0795861032253116e-05,
                    0.00022793982733603537
                ]
            ],
            "DegreesOfFreedom": 54,
            "Edm": 6.943594700587712e-07,
            "FitRange": {
                "211": [
                    0.5,
                    1.0
                ],
                "2212": [
                    0.3,
                    3.0
                ],
                "321": [
                    0.2,
                    1.5
                ]
            },
            "Indexmap": {
                "211": [
                    0,
                    3,
                    4,
                    7,
                    8
                ],
                "2212": [
                    2,
                    3,
                    6,
                    7,
                    8
                ],
                "321": [
                    1,
                    3,
                    5,
                    7,
                    8
                ]
            },
            "MinFCN": 68.7264162548521,
            "NCalls": 1146,
            "ParameterErrors": [
                3581.1231041841675,
                8062.350173950428,
                2148048.9410444433,
                7.706696621032072e-05,
                0.0,
                0.0,
                0.0,
                0.0018844070617216047,
                0.015097329051197983
            ],
            "ParameterFixed": [
                false,
                false,
                false,
                false,
                true,
                true,
                true,
                false,
                false
            ],
            "ParameterInitValues": [
                1.0,
                1.0,
                1.0,
                0.11,
                0.138,
                0.498,
                0.938,
                0.5,
                1.0
            ],
            "ParameterLimited": [
                true,
                true,
                true,
                true,
                false,
                false,
                false,
                true,
                true
            ],
            "ParameterLimits": [
                [
                    1.0,
                    10000000.0
                ],
                [
                    1.0,
                    10000000.0
                ],
                [
                    1.0,
                    10000000.0
                ],
                [
                    0.01,
                    0.3
                ],
                [
                    0.0,
                    0.0
                ],
                [
                    0.0,
                    0.0
                ],
                [
                    0.0,
                    0.0
                ],
                [
                    0.01,
                    1.0
                ],
                [
                    0.01,
                    3.0
                ]
            ],
            "ParameterNames": [
                "A211",
                "A321",
                "A2212",
                "Tkin",
                "M211",
                "M321",
                "M2212",
                "BetaS",
                "N"
            ],
            "ParameterStepsize": [
                1.0,
                1.0,
                1.0,
                0.01,
                0.01,
                0.01,
                0.01,
                0.01,
                0.01
            ],
            "ParameterStepsized": [
                true,
                true,
                true,
                true,
                false,
                false,
                false,
                true,
                true
            ],
            "ParameterValues": [
                322579.28159077966,
                721451.8040603229,
                9999999.911419898,
                0.09296804673721039,
                0.138,
                0.498,
                0.938,
                0.9053393429614709,
                0.7414928878958308
            ],
            "Species": [
                211,
                321,
                2212
            ],
            "Status": 140730144019364,
            "StyledNames": [
                "A_{\\pi^{\\pm}}",
                "A_{K^{\\pm}}",
                "A_{p^{\\pm}}",
                "T_{\\text{kin}}",
                "m_{\\pi^{\\pm}}",
                "m_{K^{\\pm}}",
                "m_{p^{\\pm}}",
                "\\beta_{s}",
                "n"
            ]
        },
        "10-20%": {
            "Chi2": 45.63770168514269,
            "CorrelationMatrix": [
                [
                    1.0,
                    0.9969541091733766,
                    0.9973503390599594,
                    -0.9973554220202936,
                    0.0,
                    0.0,
                    0.0,
                    0.8409387845985195,
                    -0.0343768987316798
                ],
                [
                    0.9969541091733766,
                    1.0,
                    0.999084862436594,
                    -0.999252980706679,
                    0.0,
                    0.0,
                    0.0,
                    0.8421104117025684,
                    -0.015675873497475117
                ],
                [
                    0.9973503390599594,
                    0.999084862436594,
                    1.0,
                    -0.9997962007501958,
                    0.0,
                    0.0,
                    0.0,
                    0.837545838374048,
                    -0.007499382086476353
                ],
                [
                    -0.9973554220202936,
                    -0.999252980706679,
                    -0.9997962007501958,
                    1.0,
                    0.0,
                    0.0,
                    0.0,
                    -0.8383629998592466,
                    0.004590030791580664
                ],
                [
                    0.0,
                    0.0,
                    0.0,
                    0.0,
                    0.0,
                    0.0,
                    0.0,
                    0.0,
                    0.0
                ],
                [
                    0.0,
                    0.0,
                    0.0,
                    0.0,
                    0.0,
                    0.0,
                    0.0,
                    0.0,
                    0.0
                ],
                [
                    0.0,
                    0.0,
                    0.0,
                    0.0,
                    0.0,
                    0.0,
                    0.0,
                    0.0,
                    0.0
                ],
                [
                    0.8409387845985195,
                    0.8421104117025684,
                    0.837545838374048,
                    -0.8383629998592466,
                    0.0,
                    0.0,
                    0.0,
                    1.0,
                    -0.4181384287077779
                ],
                [
                    -0.0343768987316798,
                    -0.015675873497475117,
                    -0.007499382086476353,
                    0.004590030791580664,
                    0.0,
                    0.0,
                    0.0,
                    -0.4181384287077779,
                    1.0
                ]
            ],
            "CovarianceMatrix": [
                [
                    724364710.174882,
                    2740579496.8406944,
                    60983884372.29399,
                    -95.62774350277384,
                    0.0,
                    0.0,
                    0.0,
                    78.49480658834263,
                    -13.210580000472648
                ],
                [
                    2740579496.8406944,
                    10432230856.13691,
                    231835359386.55563,
                    -363.5962202465941,
                    0.0,
                    0.0,
                    0.0,
                    298.3015639100727,
                    -22.861087884999545
                ],
                [
                    60983884372.29399,
                    231835359386.55563,
                    5161517489784.236,
                    -8091.992967722483,
                    0.0,
                    0.0,
                    0.0,
                    6599.259183770151,
                    -243.27121896872814
                ],
                [
                    -95.62774350277384,
                    -363.5962202465941,
                    -8091.992967722483,
                    1.2691431962216636e-05,
                    0.0,
                    0.0,
                    0.0,
                    -1.0358224386365521e-05,
                    2.3347880427643143e-07
                ],
                [
                    0.0,
                    0.0,
                    0.0,
                    0.0,
                    0.0,
                    0.0,
                    0.0,
                    0.0,
                    0.0
                ],
                [
                    0.0,
                    0.0,
                    0.0,
                    0.0,
                    0.0,
                    0.0,
                    0.0,
                    0.0,
                    0.0
                ],
                [
                    0.0,
                    0.0,
                    0.0,
                    0.0,
                    0.0,
                    0.0,
                    0.0,
                    0.0,
                    0.0
                ],
                [
                    78.49480658834263,
                    298.3015639100727,
                    6599.259183770151,
                    -1.0358224386365521e-05,
                    0.0,
                    0.0,
                    0.0,
                    1.202806586471094e-05,
                    -2.070591993102895e-05
                ],
                [
                    -13.210580000472648,
                    -22.861087884999545,
                    -243.27121896872814,
                    2.3347880427643143e-07,
                    0.0,
                    0.0,
                    0.0,
                    -2.070591993102895e-05,
                    0.00020386989402064036
                ]
            ],
            "DegreesOfFreedom": 54,
            "Edm": 5.452013469039553e-07,
            "FitRange": {
                "211": [
                    0.5,
                    1.0
                ],
                "2212": [
                    0.3,
                    3.0
                ],
                "321": [
                    0.2,
                    1.5
                ]
            },
            "Indexmap": {
                "211": [
                    0,
                    3,
                    4,
                    7,
                    8
                ],
                "2212": [
                    2,
                    3,
                    6,
                    7,
                    8
                ],
                "321": [
                    1,
                    3,
                    5,
                    7,
                    8
                ]
            },
            "MinFCN": 45.63770168514269,
            "NCalls": 2061,
            "ParameterErrors": [
                26912.256628723524,
                102091.54289734334,
                2194304.909640393,
                0.003562069833741542,
                0.0,
                0.0,
                0.0,
                0.0034680738837785663,
                0.014278008483484261
            ],
            "ParameterFixed": [
                false,
                false,
                false,
                false,
                true,
                true,
                true,
                false,
                false
            ],
            "ParameterInitValues": [
                1.0,
                1.0,
                1.0,
                0.11,
                0.138,
                0.498,
                0.938,
                0.5,
                1.0
            ],
            "ParameterLimited": [
                true,
                true,
                true,
                true,
                false,
                false,
                false,
                true,
                true
            ],
            "ParameterLimits": [
                [
                    1.0,
                    10000000.0
                ],
                [
                    1.0,
                    10000000.0
                ],
                [
                    1.0,
                    10000000.0
                ],
                [
                    0.01,
                    0.3
                ],
                [
                    0.0,
                    0.0
                ],
                [
                    0.0,
                    0.0
                ],
                [
                    0.0,
                    0.0
                ],
                [
                    0.01,
                    1.0
                ],
                [
                    0.01,
                    3.0
                ]
            ],
            "ParameterNames": [
                "A211",
                "A321",
                "A2212",
                "Tkin",
                "M211",
                "M321",
                "M2212",
                "BetaS",
                "N"
            ],
            "ParameterStepsize": [
                1.0,
                1.0,
                1.0,
                0.01,
                0.01,
                0.01,
                0.01,
                0.01,
                0.01
            ],
            "ParameterStepsized": [
                true,
                true,
                true,
                true,
                false,
                false,
                false,
                true,
                true
            ],
            "ParameterValues": [
                187309.91267246898,
                395456.3382619371,
                5267147.815752037,
                0.0945548168790815,
                0.138,
                0.498,
                0.938,
                0.8973436569542459,
                0.7438324794374185
            ],
            "Species": [
                211,
                321,
                2212
            ],
            "Status": 106763798360768,
            "StyledNames": [
                "A_{\\pi^{\\pm}}",
                "A_{K^{\\pm}}",
                "A_{p^{\\pm}}",
                "T_{\\text{kin}}",
                "m_{\\pi^{\\pm}}",
                "m_{K^{\\pm}}",
                "m_{p^{\\pm}}",
                "\\beta_{s}",
                "n"
            ]
        },
        "20-30%": {
            "Chi2": 33.82818607268101,
            "CorrelationMatrix": [
                [
                    1.0,
                    0.9967507863282057,
                    0.9971332731229764,
                    -0.9971158900792909,
                    0.0,
                    0.0,
                    0.0,
                    0.8464365222605412,
                    -0.04323559240217764
                ],
                [
                    0.9967507863282057,
                    1.0,
                    0.99899611977851,
                    -0.9991720539302913,
                    0.0,
                    0.0,
                    0.0,
                    0.847048101472773,
                    -0.02407617434785855
                ],
                [
                    0.9971332731229764,
                    0.99899611977851,
                    1.0,
                    -0.9997676315154109,
                    0.0,
                    0.0,
                    0.0,
                    0.8419806814200542,
                    -0.014451062219776342
                ],
                [
                    -0.9971158900792909,
                    -0.9991720539302913,
                    -0.9997676315154109,
                    1.0,
                    0.0,
                    0.0,
                    0.0,
                    -0.8428504040212692,
                    0.010964404789485129
                ],
                [
                    0.0,
                    0.0,
                    0.0,
                    0.0,
                    0.0,
                    0.0,
                    0.0,
                    0.0,
                    0.0
                ],
                [
                    0.0,
                    0.0,
                    0.0,
                    0.0,
                    0.0,
                    0.0,
                    0.0,
                    0.0,
                    0.0
                ],
                [
                    0.0,
                    0.0,
                    0.0,
                    0.0,
                    0.0,
                    0.0,
                    0.0,
                    0.0,
                    0.0
                ],
                [
                    0.8464365222605412,
                    0.847048101472773,
                    0.8419806814200542,
                    -0.8428504040212692,
                    0.0,
                    0.0,
                    0.0,
                    1.0,
                    -0.42577948895141876
                ],
                [
                    -0.04323559240217764,
                    -0.02407617434785855,
                    -0.014451062219776342,
                    0.010964404789485129,
                    0.0,
                    0.0,
                    0.0,
                    -0.42577948895141876,
                    1.0
                ]
            ],
            "CovarianceMatrix": [
                [
                    269520091.45768917,
                    922013751.2257904,
                    18729660374.885098,
                    -58.73536607302028,
                    0.0,
                    0.0,
                    0.0,
                    51.86649272870502,
                    -11.27691678671083
                ],
                [
                    922013751.2257904,
                    3174756911.974379,
                    64402119649.09787,
                    -202.0012176298328,
                    0.0,
                    0.0,
                    0.0,
                    178.1394990820108,
                    -21.55242326217979
                ],
                [
                    18729660374.885098,
                    64402119649.09787,
                    1309068108356.845,
                    -4104.295894654337,
                    0.0,
                    0.0,
                    0.0,
                    3595.672785693615,
                    -262.68439952903276
                ],
                [
                    -58.73536607302028,
                    -202.0012176298328,
                    -4104.295894654337,
                    1.287410182925325e-05,
                    0.0,
                    0.0,
                    0.0,
                    -1.1287711061037373e-05,
                    6.250243250149187e-07
                ],
                [
                    0.0,
                    0.0,
                    0.0,
                    0.0,
                    0.0,
                    0.0,
                    0.0,
                    0.0,
                    0.0
                ],
                [
                    0.0,
                    0.0,
                    0.0,
                    0.0,
                    0.0,
                    0.0,
                    0.0,
                    0.0,
                    0.0
                ],
                [
                    0.0,
                    0.0,
                    0.0,
                    0.0,
                    0.0,
                    0.0,
                    0.0,
                    0.0,
                    0.0
                ],
                [
                    51.86649272870502,
                    178.1394990820108,
                    3595.672785693615,
                    -1.1287711061037373e-05,
                    0.0,
                    0.0,
                    0.0,
                    1.393137008533695e-05,
                    -2.5248468499958527e-05
                ],
                [
                    -11.27691678671083,
                    -21.55242326217979,
                    -262.68439952903276,
                    6.250243250149187e-07,
                    0.0,
                    0.0,
                    0.0,
                    -2.5248468499958527e-05,
                    0.0002524101287106958
                ]
            ],
            "DegreesOfFreedom": 54,
            "Edm": 1.880187142281171e-06,
            "FitRange": {
                "211": [
                    0.5,
                    1.0
                ],
                "2212": [
                    0.3,
                    3.0
                ],
                "321": [
                    0.2,
                    1.5
                ]
            },
            "Indexmap": {
                "211": [
                    0,
                    3,
                    4,
                    7,
                    8
                ],
                "2212": [
                    2,
                    3,
                    6,
                    7,
                    8
                ],
                "321": [
                    1,
                    3,
                    5,
                    7,
                    8
                ]
            },
            "MinFCN": 33.82818607268101,
            "NCalls": 722,
            "ParameterErrors": [
                16416.427876965434,
                56331.52187639776,
                1131715.769965433,
                0.003587614270209455,
                0.0,
                0.0,
                0.0,
                0.0037323851852255063,
                0.015887028135676773
            ],
            "ParameterFixed": [
                false,
                false,
                false,
                false,
                true,
                true,
                true,
                false,
                false
            ],
            "ParameterInitValues": [
                1.0,
                1.0,
                1.0,
                0.11,
                0.138,
                0.498,
                0.938,
                0.5,
                1.0
            ],
            "ParameterLimited": [
                true,
                true,
                true,
                true,
                false,
                false,
                false,
                true,
                true
            ],
            "ParameterLimits": [
                [
                    1.0,
                    10000000.0
                ],
                [
                    1.0,
                    10000000.0
                ],
                [
                    1.0,
                    10000000.0
                ],
                [
                    0.01,
                    0.3
                ],
                [
                    0.0,
                    0.0
                ],
                [
                    0.0,
                    0.0
                ],
                [
                    0.0,
                    0.0
                ],
                [
                    0.01,
                    1.0
                ],
                [
                    0.01,
                    3.0
                ]
            ],
            "ParameterNames": [
                "A211",
                "A321",
                "A2212",
                "Tkin",
                "M211",
                "M321",
                "M2212",
                "BetaS",
                "N"
            ],
            "ParameterStepsize": [
                1.0,
                1.0,
                1.0,
                0.01,
                0.01,
                0.01,
                0.01,
                0.01,
                0.01
            ],
            "ParameterStepsized": [
                true,
                true,
                true,
                true,
                false,
                false,
                false,
                true,
                true
            ],
            "ParameterValues": [
                116733.59253241391,
                226629.30274923125,
                2767983.6341368733,
                0.09710916701968039,
                0.138,
                0.498,
                0.938,
                0.8904863462243419,
                0.7760068916631968
            ],
            "Species": [
                211,
                321,
                2212
            ],
            "Status": 106763831734400,
            "StyledNames": [
                "A_{\\pi^{\\pm}}",
                "A_{K^{\\pm}}",
                "A_{p^{\\pm}}",
                "T_{\\text{kin}}",
                "m_{\\pi^{\\pm}}",
                "m_{K^{\\pm}}",
                "m_{p^{\\pm}}",
                "\\beta_{s}",
                "n"
            ]
        },
        "30-40%": {
            "Chi2": 21.763584976803134,
            "CorrelationMatrix": [
                [
                    1.0,
                    0.9964131727142361,
                    0.9968523031388354,
                    -0.9968554114267691,
                    0.0,
                    0.0,
                    0.0,
                    0.846247142831282,
                    0.029947505332482582
                ],
                [
                    0.9964131727142361,
                    1.0,
                    0.9988589697513902,
                    -0.9990778181780425,
                    0.0,
                    0.0,
                    0.0,
                    0.8460131940193428,
                    0.009281805639680547
                ],
                [
                    0.9968523031388354,
                    0.9988589697513902,
                    1.0,
                    -0.9997224929657224,
                    0.0,
                    0.0,
                    0.0,
                    0.840848189063614,
                    -0.00018244417256359528
                ],
                [
                    -0.9968554114267691,
                    -0.9990778181780425,
                    -0.9997224929657224,
                    1.0,
                    0.0,
                    0.0,
                    0.0,
                    -0.8420158074595279,
                    0.003554560962676051
                ],
                [
                    0.0,
                    0.0,
                    0.0,
                    0.0,
                    0.0,
                    0.0,
                    0.0,
                    0.0,
                    0.0
                ],
                [
                    0.0,
                    0.0,
                    0.0,
                    0.0,
                    0.0,
                    0.0,
                    0.0,
                    0.0,
                    0.0
                ],
                [
                    0.0,
                    0.0,
                    0.0,
                    0.0,
                    0.0,
                    0.0,
                    0.0,
                    0.0,
                    0.0
                ],
                [
                    0.846247142831282,
                    0.8460131940193428,
                    0.840848189063614,
                    -0.8420158074595279,
                    0.0,
                    0.0,
                    0.0,
                    1.0,
                    0.42334965853556267
                ],
                [
                    0.029947505332482582,
                    0.009281805639680547,
                    -0.00018244417256359528,
                    0.003554560962676051,
                    0.0,
                    0.0,
                    0.0,
                    0.42334965853556267,
                    1.0
                ]
            ],
            "CovarianceMatrix": [
                [
                    78775916.07162187,
                    228132064.39937928,
                    3918422449.1652374,
                    -32.14789464961003,
                    0.0,
                    0.0,
                    0.0,
                    31.07205247076378,
                    4.765396045901028
                ],
                [
                    228132064.39937928,
                    665426784.7517359,
                    11411376151.503235,
                    -93.64251955755603,
                    0.0,
                    0.0,
                    0.0,
                    90.2824363348276,
                    4.292637619014211
                ],
                [
                    3918422449.1652374,
                    11411376151.503235,
                    196140562484.9038,
                    -1608.7435040639239,
                    0.0,
                    0.0,
                    0.0,
                    1540.5553144328037,
                    -1.4486228205139549
                ],
                [
                    -32.14789464961003,
                    -93.64251955755603,
                    -1608.7435040639239,
                    1.320222923043124e-05,
                    0.0,
                    0.0,
                    0.0,
                    -1.2656682170829643e-05,
                    2.3155343059278424e-07
                ],
                [
                    0.0,
                    0.0,
                    0.0,
                    0.0,
                    0.0,
                    0.0,
                    0.0,
                    0.0,
                    0.0
                ],
                [
                    0.0,
                    0.0,
                    0.0,
                    0.0,
                    0.0,
                    0.0,
                    0.0,
                    0.0,
                    0.0
                ],
                [
                    0.0,
                    0.0,
                    0.0,
                    0.0,
                    0.0,
                    0.0,
                    0.0,
                    0.0,
                    0.0
                ],
                [
                    31.07205247076378,
                    90.2824363348276,
                    1540.5553144328037,
                    -1.2656682170829643e-05,
                    0.0,
                    0.0,
                    0.0,
                    1.7114018228288896e-05,
                    3.139907303736921e-05
                ],
                [
                    4.765396045901028,
                    4.292637619014211,
                    -1.4486228205139549,
                    2.3155343059278424e-07,
                    0.0,
                    0.0,
                    0.0,
                    3.139907303736921e-05,
                    0.0003214276522873809
                ]
            ],
            "DegreesOfFreedom": 54,
            "Edm": 1.5657583398663047e-06,
            "FitRange": {
                "211": [
                    0.5,
                    1.0
                ],
                "2212": [
                    0.3,
                    3.0
                ],
                "321": [
                    0.2,
                    1.5
                ]
            },
            "Indexmap": {
                "211": [
                    0,
                    3,
                    4,
                    7,
                    8
                ],
                "2212": [
                    2,
                    3,
                    6,
                    7,
                    8
                ],
                "321": [
                    1,
                    3,
                    5,
                    7,
                    8
                ]
            },
            "MinFCN": 21.763584976803134,
            "NCalls": 1206,
            "ParameterErrors": [
                8875.401686408775,
                25793.259152071558,
                441459.466596929,
                0.0036330475625763123,
                0.0,
                0.0,
                0.0,
                0.004136796150549793,
                0.017927864883582945
            ],
            "ParameterFixed": [
                false,
                false,
                false,
                false,
                true,
                true,
                true,
                false,
                false
            ],
            "ParameterInitValues": [
                1.0,
                1.0,
                1.0,
                0.11,
                0.138,
                0.498,
                0.938,
                0.5,
                1.0
            ],
            "ParameterLimited": [
                true,
                true,
                true,
                true,
                false,
                false,
                false,
                true,
                true
            ],
            "ParameterLimits": [
                [
                    1.0,
                    10000000.0
                ],
                [
                    1.0,
                    10000000.0
                ],
                [
                    1.0,
                    10000000.0
                ],
                [
                    0.01,
                    0.3
                ],
                [
                    0.0,
                    0.0
                ],
                [
                    0.0,
                    0.0
                ],
                [
                    0.0,
                    0.0
                ],
                [
                    0.01,
                    1.0
                ],
                [
                    0.01,
                    3.0
                ]
            ],
